500 500 4 4 5 1 8 8 1 3 504 496 
504 496 4 4 5 1 8 8 1 3 528 480 
528 480 4 4 5 1 8 8 1 3 556 500 
556 500 4 4 5 1 8 8 1 3 612 500 
612 500 4 4 5 1 8 8 1 3 716 508 
716 508 4 4 5 1 8 8 1 3 932 500 
932 500 4 4 5 1 8 8 1 3 1388 476 
1388 476 4 4 5 1 8 8 1 3 2320 456 
2320 456 4 4 5 1 8 8 1 3 4232 408 
4232 408 4 4 5 1 8 8 1 3 8080 384 
8080 384 4 4 5 1 8 8 1 3 15760 400 
15760 400 4 4 5 1 8 8 1 3 31108 412 
31108 412 4 4 5 1 8 8 1 3 61828 388 
61828 388 4 4 5 1 8 8 1 3 123252 404 
123252 404 4 4 5 1 8 8 1 3 246108 396 
