[{'individual': array([0, 0, 1, 1, 0, 0, 1, 0, 1, 1, 1, 1, 1, 0, 1, 0, 1, 1, 0, 0, 1, 1, 0,
       0, 1, 1, 1, 1, 0, 1, 1, 0]), 'fitness': 0.5697419463653229}, {'individual': array([0, 1, 0, 0, 1, 1, 0, 0, 0, 1, 0, 1, 1, 1, 1, 1, 1, 1, 0, 1, 0, 1, 1,
       0, 1, 1, 0, 0, 1, 0, 1, 1]), 'fitness': 0.5931860347444764}, {'individual': array([1, 1, 1, 0, 0, 0, 1, 0, 1, 0, 0, 1, 1, 1, 0, 0, 0, 1, 1, 1, 1, 1, 0,
       0, 1, 1, 1, 0, 0, 1, 0, 0]), 'fitness': 0.49856636869623877}, {'individual': array([1, 1, 1, 1, 0, 1, 1, 0, 0, 1, 1, 1, 1, 1, 1, 0, 0, 0, 0, 0, 1, 0, 1,
       1, 1, 0, 0, 1, 0, 1, 0, 1]), 'fitness': 0.6146061730477315}, {'individual': array([1, 0, 1, 0, 0, 0, 1, 0, 1, 1, 1, 0, 0, 1, 1, 0, 0, 1, 1, 1, 1, 1, 1,
       1, 0, 0, 1, 0, 1, 0, 1, 1]), 'fitness': 0.651711924439197}, {'individual': array([1, 0, 1, 0, 0, 1, 1, 0, 0, 0, 0, 0, 0, 1, 1, 0, 0, 0, 1, 0, 0, 0, 1,
       1, 1, 0, 0, 1, 1, 0, 0, 0]), 'fitness': 0.42907741609040306}, {'individual': array([0, 0, 0, 0, 0, 1, 0, 1, 1, 1, 1, 1, 0, 1, 1, 0, 1, 1, 0, 1, 0, 0, 1,
       1, 1, 0, 1, 0, 1, 0, 0, 1]), 'fitness': 0.5550683083150618}, {'individual': array([0, 1, 1, 1, 0, 1, 1, 0, 0, 1, 0, 0, 0, 0, 1, 0, 1, 0, 0, 1, 0, 1, 0,
       1, 0, 0, 1, 0, 1, 1, 1, 0]), 'fitness': 0.4879406307977736}, {'individual': array([0, 0, 1, 1, 1, 0, 0, 1, 0, 1, 0, 1, 0, 0, 1, 0, 1, 1, 1, 1, 1, 1, 1,
       1, 1, 0, 1, 0, 0, 1, 0, 0]), 'fitness': 0.5086861190757296}, {'individual': array([1, 1, 1, 1, 0, 0, 1, 1, 1, 1, 1, 0, 1, 0, 0, 1, 0, 0, 1, 0, 1, 1, 1,
       1, 0, 0, 1, 0, 1, 1, 0, 1]), 'fitness': 0.7053466014504975}][{'individual': array([0, 0, 1, 1, 0, 0, 1, 0, 1, 1, 1, 1, 1, 0, 1, 0, 1, 1, 0, 0, 1, 1, 0,
       0, 1, 1, 1, 1, 0, 1, 1, 0]), 'fitness': 0.5697419463653229}, {'individual': array([0, 1, 0, 0, 1, 1, 0, 0, 0, 1, 0, 1, 1, 1, 1, 1, 1, 1, 0, 1, 0, 1, 1,
       0, 1, 1, 0, 0, 1, 0, 1, 1]), 'fitness': 0.5931860347444764}, {'individual': array([1, 1, 1, 0, 0, 0, 1, 0, 1, 0, 0, 1, 1, 1, 0, 0, 0, 1, 1, 1, 1, 1, 0,
       0, 1, 1, 1, 0, 0, 1, 0, 0]), 'fitness': 0.49856636869623877}, {'individual': array([1, 1, 1, 1, 0, 1, 1, 0, 0, 1, 1, 1, 1, 1, 1, 0, 0, 0, 0, 0, 1, 0, 1,
       1, 1, 0, 0, 1, 0, 1, 0, 1]), 'fitness': 0.6146061730477315}, {'individual': array([1, 0, 1, 0, 0, 0, 1, 0, 1, 1, 1, 0, 0, 1, 1, 0, 0, 1, 1, 1, 1, 1, 1,
       1, 0, 0, 1, 0, 1, 0, 1, 1]), 'fitness': 0.651711924439197}, {'individual': array([1, 0, 1, 0, 0, 1, 1, 0, 0, 0, 0, 0, 0, 1, 1, 0, 0, 0, 1, 0, 0, 0, 1,
       1, 1, 0, 0, 1, 1, 0, 0, 0]), 'fitness': 0.42907741609040306}, {'individual': array([0, 0, 0, 0, 0, 1, 0, 1, 1, 1, 1, 1, 0, 1, 1, 0, 1, 1, 0, 1, 0, 0, 1,
       1, 1, 0, 1, 0, 1, 0, 0, 1]), 'fitness': 0.5550683083150618}, {'individual': array([0, 1, 1, 1, 0, 1, 1, 0, 0, 1, 0, 0, 0, 0, 1, 0, 1, 0, 0, 1, 0, 1, 0,
       1, 0, 0, 1, 0, 1, 1, 1, 0]), 'fitness': 0.4879406307977736}, {'individual': array([0, 0, 1, 1, 1, 0, 0, 1, 0, 1, 0, 1, 0, 0, 1, 0, 1, 1, 1, 1, 1, 1, 1,
       1, 1, 0, 1, 0, 0, 1, 0, 0]), 'fitness': 0.5086861190757296}, {'individual': array([1, 1, 1, 1, 0, 0, 1, 1, 1, 1, 1, 0, 1, 0, 0, 1, 0, 0, 1, 0, 1, 1, 1,
       1, 0, 0, 1, 0, 1, 1, 0, 1]), 'fitness': 0.7053466014504975}][{'individual': array([0, 0, 1, 1, 0, 0, 1, 0, 1, 1, 1, 1, 1, 0, 1, 0, 1, 1, 0, 0, 1, 1, 0,
       0, 1, 1, 1, 1, 0, 1, 1, 0]), 'fitness': 0.5697419463653229}, {'individual': array([0, 1, 0, 0, 1, 1, 0, 0, 0, 1, 0, 1, 1, 1, 1, 1, 1, 1, 0, 1, 0, 1, 1,
       0, 1, 1, 0, 0, 1, 0, 1, 1]), 'fitness': 0.5931860347444764}, {'individual': array([1, 1, 1, 0, 0, 0, 1, 0, 1, 0, 0, 1, 1, 1, 0, 0, 0, 1, 1, 1, 1, 1, 0,
       0, 1, 1, 1, 0, 0, 1, 0, 0]), 'fitness': 0.49856636869623877}, {'individual': array([1, 1, 1, 1, 0, 1, 1, 0, 0, 1, 1, 1, 1, 1, 1, 0, 0, 0, 0, 0, 1, 0, 1,
       1, 1, 0, 0, 1, 0, 1, 0, 1]), 'fitness': 0.6146061730477315}, {'individual': array([1, 0, 1, 0, 0, 0, 1, 0, 1, 1, 1, 0, 0, 1, 1, 0, 0, 1, 1, 1, 1, 1, 1,
       1, 0, 0, 1, 0, 1, 0, 1, 1]), 'fitness': 0.651711924439197}, {'individual': array([1, 0, 1, 0, 0, 1, 1, 0, 0, 0, 0, 0, 0, 1, 1, 0, 0, 0, 1, 0, 0, 0, 1,
       1, 1, 0, 0, 1, 1, 0, 0, 0]), 'fitness': 0.42907741609040306}, {'individual': array([0, 0, 0, 0, 0, 1, 0, 1, 1, 1, 1, 1, 0, 1, 1, 0, 1, 1, 0, 1, 0, 0, 1,
       1, 1, 0, 1, 0, 1, 0, 0, 1]), 'fitness': 0.5550683083150618}, {'individual': array([0, 1, 1, 1, 0, 1, 1, 0, 0, 1, 0, 0, 0, 0, 1, 0, 1, 0, 0, 1, 0, 1, 0,
       1, 0, 0, 1, 0, 1, 1, 1, 0]), 'fitness': 0.4879406307977736}, {'individual': array([0, 0, 1, 1, 1, 0, 0, 1, 0, 1, 0, 1, 0, 0, 1, 0, 1, 1, 1, 1, 1, 1, 1,
       1, 1, 0, 1, 0, 0, 1, 0, 0]), 'fitness': 0.5086861190757296}, {'individual': array([1, 1, 1, 1, 0, 0, 1, 1, 1, 1, 1, 0, 1, 0, 0, 1, 0, 0, 1, 0, 1, 1, 1,
       1, 0, 0, 1, 0, 1, 1, 0, 1]), 'fitness': 0.7053466014504975}][{'individual': array([0, 0, 1, 1, 0, 0, 1, 0, 1, 1, 1, 1, 1, 0, 1, 0, 1, 1, 0, 0, 1, 1, 0,
       0, 1, 1, 1, 1, 0, 1, 1, 0]), 'fitness': 0.5697419463653229}, {'individual': array([0, 1, 0, 0, 1, 1, 0, 0, 0, 1, 0, 1, 1, 1, 1, 1, 1, 1, 0, 1, 0, 1, 1,
       0, 1, 1, 0, 0, 1, 0, 1, 1]), 'fitness': 0.5931860347444764}, {'individual': array([1, 1, 1, 0, 0, 0, 1, 0, 1, 0, 0, 1, 1, 1, 0, 0, 0, 1, 1, 1, 1, 1, 0,
       0, 1, 1, 1, 0, 0, 1, 0, 0]), 'fitness': 0.49856636869623877}, {'individual': array([1, 1, 1, 1, 0, 1, 1, 0, 0, 1, 1, 1, 1, 1, 1, 0, 0, 0, 0, 0, 1, 0, 1,
       1, 1, 0, 0, 1, 0, 1, 0, 1]), 'fitness': 0.6146061730477315}, {'individual': array([1, 0, 1, 0, 0, 0, 1, 0, 1, 1, 1, 0, 0, 1, 1, 0, 0, 1, 1, 1, 1, 1, 1,
       1, 0, 0, 1, 0, 1, 0, 1, 1]), 'fitness': 0.651711924439197}, {'individual': array([1, 0, 1, 0, 0, 1, 1, 0, 0, 0, 0, 0, 0, 1, 1, 0, 0, 0, 1, 0, 0, 0, 1,
       1, 1, 0, 0, 1, 1, 0, 0, 0]), 'fitness': 0.42907741609040306}, {'individual': array([0, 0, 0, 0, 0, 1, 0, 1, 1, 1, 1, 1, 0, 1, 1, 0, 1, 1, 0, 1, 0, 0, 1,
       1, 1, 0, 1, 0, 1, 0, 0, 1]), 'fitness': 0.5550683083150618}, {'individual': array([0, 1, 1, 1, 0, 1, 1, 0, 0, 1, 0, 0, 0, 0, 1, 0, 1, 0, 0, 1, 0, 1, 0,
       1, 0, 0, 1, 0, 1, 1, 1, 0]), 'fitness': 0.4879406307977736}, {'individual': array([0, 0, 1, 1, 1, 0, 0, 1, 0, 1, 0, 1, 0, 0, 1, 0, 1, 1, 1, 1, 1, 1, 1,
       1, 1, 0, 1, 0, 0, 1, 0, 0]), 'fitness': 0.5086861190757296}, {'individual': array([1, 1, 1, 1, 0, 0, 1, 1, 1, 1, 1, 0, 1, 0, 0, 1, 0, 0, 1, 0, 1, 1, 1,
       1, 0, 0, 1, 0, 1, 1, 0, 1]), 'fitness': 0.7053466014504975}][{'individual': array([0, 0, 1, 1, 0, 0, 1, 0, 1, 1, 1, 1, 1, 0, 1, 0, 1, 1, 0, 0, 1, 1, 0,
       0, 1, 1, 1, 1, 0, 1, 1, 0]), 'fitness': 0.5697419463653229}, {'individual': array([0, 1, 0, 0, 1, 1, 0, 0, 0, 1, 0, 1, 1, 1, 1, 1, 1, 1, 0, 1, 0, 1, 1,
       0, 1, 1, 0, 0, 1, 0, 1, 1]), 'fitness': 0.5931860347444764}, {'individual': array([1, 1, 1, 0, 0, 0, 1, 0, 1, 0, 0, 1, 1, 1, 0, 0, 0, 1, 1, 1, 1, 1, 0,
       0, 1, 1, 1, 0, 0, 1, 0, 0]), 'fitness': 0.49856636869623877}, {'individual': array([1, 1, 1, 1, 0, 1, 1, 0, 0, 1, 1, 1, 1, 1, 1, 0, 0, 0, 0, 0, 1, 0, 1,
       1, 1, 0, 0, 1, 0, 1, 0, 1]), 'fitness': 0.6146061730477315}, {'individual': array([1, 0, 1, 0, 0, 0, 1, 0, 1, 1, 1, 0, 0, 1, 1, 0, 0, 1, 1, 1, 1, 1, 1,
       1, 0, 0, 1, 0, 1, 0, 1, 1]), 'fitness': 0.651711924439197}, {'individual': array([1, 0, 1, 0, 0, 1, 1, 0, 0, 0, 0, 0, 0, 1, 1, 0, 0, 0, 1, 0, 0, 0, 1,
       1, 1, 0, 0, 1, 1, 0, 0, 0]), 'fitness': 0.42907741609040306}, {'individual': array([0, 0, 0, 0, 0, 1, 0, 1, 1, 1, 1, 1, 0, 1, 1, 0, 1, 1, 0, 1, 0, 0, 1,
       1, 1, 0, 1, 0, 1, 0, 0, 1]), 'fitness': 0.5550683083150618}, {'individual': array([0, 1, 1, 1, 0, 1, 1, 0, 0, 1, 0, 0, 0, 0, 1, 0, 1, 0, 0, 1, 0, 1, 0,
       1, 0, 0, 1, 0, 1, 1, 1, 0]), 'fitness': 0.4879406307977736}, {'individual': array([0, 0, 1, 1, 1, 0, 0, 1, 0, 1, 0, 1, 0, 0, 1, 0, 1, 1, 1, 1, 1, 1, 1,
       1, 1, 0, 1, 0, 0, 1, 0, 0]), 'fitness': 0.5086861190757296}, {'individual': array([1, 1, 1, 1, 0, 0, 1, 1, 1, 1, 1, 0, 1, 0, 0, 1, 0, 0, 1, 0, 1, 1, 1,
       1, 0, 0, 1, 0, 1, 1, 0, 1]), 'fitness': 0.7053466014504975}][{'individual': array([0, 0, 1, 1, 0, 0, 1, 0, 1, 1, 1, 1, 1, 0, 1, 0, 1, 1, 0, 0, 1, 1, 0,
       0, 1, 1, 1, 1, 0, 1, 1, 0]), 'fitness': 0.5697419463653229}, {'individual': array([0, 1, 0, 0, 1, 1, 0, 0, 0, 1, 0, 1, 1, 1, 1, 1, 1, 1, 0, 1, 0, 1, 1,
       0, 1, 1, 0, 0, 1, 0, 1, 1]), 'fitness': 0.5931860347444764}, {'individual': array([1, 1, 1, 0, 0, 0, 1, 0, 1, 0, 0, 1, 1, 1, 0, 0, 0, 1, 1, 1, 1, 1, 0,
       0, 1, 1, 1, 0, 0, 1, 0, 0]), 'fitness': 0.49856636869623877}, {'individual': array([1, 1, 1, 1, 0, 1, 1, 0, 0, 1, 1, 1, 1, 1, 1, 0, 0, 0, 0, 0, 1, 0, 1,
       1, 1, 0, 0, 1, 0, 1, 0, 1]), 'fitness': 0.6146061730477315}, {'individual': array([1, 0, 1, 0, 0, 0, 1, 0, 1, 1, 1, 0, 0, 1, 1, 0, 0, 1, 1, 1, 1, 1, 1,
       1, 0, 0, 1, 0, 1, 0, 1, 1]), 'fitness': 0.651711924439197}, {'individual': array([1, 0, 1, 0, 0, 1, 1, 0, 0, 0, 0, 0, 0, 1, 1, 0, 0, 0, 1, 0, 0, 0, 1,
       1, 1, 0, 0, 1, 1, 0, 0, 0]), 'fitness': 0.42907741609040306}, {'individual': array([0, 0, 0, 0, 0, 1, 0, 1, 1, 1, 1, 1, 0, 1, 1, 0, 1, 1, 0, 1, 0, 0, 1,
       1, 1, 0, 1, 0, 1, 0, 0, 1]), 'fitness': 0.5550683083150618}, {'individual': array([0, 1, 1, 1, 0, 1, 1, 0, 0, 1, 0, 0, 0, 0, 1, 0, 1, 0, 0, 1, 0, 1, 0,
       1, 0, 0, 1, 0, 1, 1, 1, 0]), 'fitness': 0.4879406307977736}, {'individual': array([0, 0, 1, 1, 1, 0, 0, 1, 0, 1, 0, 1, 0, 0, 1, 0, 1, 1, 1, 1, 1, 1, 1,
       1, 1, 0, 1, 0, 0, 1, 0, 0]), 'fitness': 0.5086861190757296}, {'individual': array([1, 1, 1, 1, 0, 0, 1, 1, 1, 1, 1, 0, 1, 0, 0, 1, 0, 0, 1, 0, 1, 1, 1,
       1, 0, 0, 1, 0, 1, 1, 0, 1]), 'fitness': 0.7053466014504975}][{'individual': array([0, 0, 1, 1, 0, 0, 1, 0, 1, 1, 1, 1, 1, 0, 1, 0, 1, 1, 0, 0, 1, 1, 0,
       0, 1, 1, 1, 1, 0, 1, 1, 0]), 'fitness': 0.5697419463653229}, {'individual': array([0, 1, 0, 0, 1, 1, 0, 0, 0, 1, 0, 1, 1, 1, 1, 1, 1, 1, 0, 1, 0, 1, 1,
       0, 1, 1, 0, 0, 1, 0, 1, 1]), 'fitness': 0.5931860347444764}, {'individual': array([1, 1, 1, 0, 0, 0, 1, 0, 1, 0, 0, 1, 1, 1, 0, 0, 0, 1, 1, 1, 1, 1, 0,
       0, 1, 1, 1, 0, 0, 1, 0, 0]), 'fitness': 0.49856636869623877}, {'individual': array([1, 1, 1, 1, 0, 1, 1, 0, 0, 1, 1, 1, 1, 1, 1, 0, 0, 0, 0, 0, 1, 0, 1,
       1, 1, 0, 0, 1, 0, 1, 0, 1]), 'fitness': 0.6146061730477315}, {'individual': array([1, 0, 1, 0, 0, 0, 1, 0, 1, 1, 1, 0, 0, 1, 1, 0, 0, 1, 1, 1, 1, 1, 1,
       1, 0, 0, 1, 0, 1, 0, 1, 1]), 'fitness': 0.651711924439197}, {'individual': array([1, 0, 1, 0, 0, 1, 1, 0, 0, 0, 0, 0, 0, 1, 1, 0, 0, 0, 1, 0, 0, 0, 1,
       1, 1, 0, 0, 1, 1, 0, 0, 0]), 'fitness': 0.42907741609040306}, {'individual': array([0, 0, 0, 0, 0, 1, 0, 1, 1, 1, 1, 1, 0, 1, 1, 0, 1, 1, 0, 1, 0, 0, 1,
       1, 1, 0, 1, 0, 1, 0, 0, 1]), 'fitness': 0.5550683083150618}, {'individual': array([0, 1, 1, 1, 0, 1, 1, 0, 0, 1, 0, 0, 0, 0, 1, 0, 1, 0, 0, 1, 0, 1, 0,
       1, 0, 0, 1, 0, 1, 1, 1, 0]), 'fitness': 0.4879406307977736}, {'individual': array([0, 0, 1, 1, 1, 0, 0, 1, 0, 1, 0, 1, 0, 0, 1, 0, 1, 1, 1, 1, 1, 1, 1,
       1, 1, 0, 1, 0, 0, 1, 0, 0]), 'fitness': 0.5086861190757296}, {'individual': array([1, 1, 1, 1, 0, 0, 1, 1, 1, 1, 1, 0, 1, 0, 0, 1, 0, 0, 1, 0, 1, 1, 1,
       1, 0, 0, 1, 0, 1, 1, 0, 1]), 'fitness': 0.7053466014504975}][{'individual': array([0, 0, 1, 1, 0, 0, 1, 0, 1, 1, 1, 1, 1, 0, 1, 0, 1, 1, 0, 0, 1, 1, 0,
       0, 1, 1, 1, 1, 0, 1, 1, 0]), 'fitness': 0.5697419463653229}, {'individual': array([0, 1, 0, 0, 1, 1, 0, 0, 0, 1, 0, 1, 1, 1, 1, 1, 1, 1, 0, 1, 0, 1, 1,
       0, 1, 1, 0, 0, 1, 0, 1, 1]), 'fitness': 0.5931860347444764}, {'individual': array([1, 1, 1, 0, 0, 0, 1, 0, 1, 0, 0, 1, 1, 1, 0, 0, 0, 1, 1, 1, 1, 1, 0,
       0, 1, 1, 1, 0, 0, 1, 0, 0]), 'fitness': 0.49856636869623877}, {'individual': array([1, 1, 1, 1, 0, 1, 1, 0, 0, 1, 1, 1, 1, 1, 1, 0, 0, 0, 0, 0, 1, 0, 1,
       1, 1, 0, 0, 1, 0, 1, 0, 1]), 'fitness': 0.6146061730477315}, {'individual': array([1, 0, 1, 0, 0, 0, 1, 0, 1, 1, 1, 0, 0, 1, 1, 0, 0, 1, 1, 1, 1, 1, 1,
       1, 0, 0, 1, 0, 1, 0, 1, 1]), 'fitness': 0.651711924439197}, {'individual': array([1, 0, 1, 0, 0, 1, 1, 0, 0, 0, 0, 0, 0, 1, 1, 0, 0, 0, 1, 0, 0, 0, 1,
       1, 1, 0, 0, 1, 1, 0, 0, 0]), 'fitness': 0.42907741609040306}, {'individual': array([0, 0, 0, 0, 0, 1, 0, 1, 1, 1, 1, 1, 0, 1, 1, 0, 1, 1, 0, 1, 0, 0, 1,
       1, 1, 0, 1, 0, 1, 0, 0, 1]), 'fitness': 0.5550683083150618}, {'individual': array([0, 1, 1, 1, 0, 1, 1, 0, 0, 1, 0, 0, 0, 0, 1, 0, 1, 0, 0, 1, 0, 1, 0,
       1, 0, 0, 1, 0, 1, 1, 1, 0]), 'fitness': 0.4879406307977736}, {'individual': array([0, 0, 1, 1, 1, 0, 0, 1, 0, 1, 0, 1, 0, 0, 1, 0, 1, 1, 1, 1, 1, 1, 1,
       1, 1, 0, 1, 0, 0, 1, 0, 0]), 'fitness': 0.5086861190757296}, {'individual': array([1, 1, 1, 1, 0, 0, 1, 1, 1, 1, 1, 0, 1, 0, 0, 1, 0, 0, 1, 0, 1, 1, 1,
       1, 0, 0, 1, 0, 1, 1, 0, 1]), 'fitness': 0.7053466014504975}][{'individual': array([0, 0, 1, 1, 0, 0, 1, 0, 1, 1, 1, 1, 1, 0, 1, 0, 1, 1, 0, 0, 1, 1, 0,
       0, 1, 1, 1, 1, 0, 1, 1, 0]), 'fitness': 0.5697419463653229}, {'individual': array([0, 1, 0, 0, 1, 1, 0, 0, 0, 1, 0, 1, 1, 1, 1, 1, 1, 1, 0, 1, 0, 1, 1,
       0, 1, 1, 0, 0, 1, 0, 1, 1]), 'fitness': 0.5931860347444764}, {'individual': array([1, 1, 1, 0, 0, 0, 1, 0, 1, 0, 0, 1, 1, 1, 0, 0, 0, 1, 1, 1, 1, 1, 0,
       0, 1, 1, 1, 0, 0, 1, 0, 0]), 'fitness': 0.49856636869623877}, {'individual': array([1, 1, 1, 1, 0, 1, 1, 0, 0, 1, 1, 1, 1, 1, 1, 0, 0, 0, 0, 0, 1, 0, 1,
       1, 1, 0, 0, 1, 0, 1, 0, 1]), 'fitness': 0.6146061730477315}, {'individual': array([1, 0, 1, 0, 0, 0, 1, 0, 1, 1, 1, 0, 0, 1, 1, 0, 0, 1, 1, 1, 1, 1, 1,
       1, 0, 0, 1, 0, 1, 0, 1, 1]), 'fitness': 0.651711924439197}, {'individual': array([1, 0, 1, 0, 0, 1, 1, 0, 0, 0, 0, 0, 0, 1, 1, 0, 0, 0, 1, 0, 0, 0, 1,
       1, 1, 0, 0, 1, 1, 0, 0, 0]), 'fitness': 0.42907741609040306}, {'individual': array([0, 0, 0, 0, 0, 1, 0, 1, 1, 1, 1, 1, 0, 1, 1, 0, 1, 1, 0, 1, 0, 0, 1,
       1, 1, 0, 1, 0, 1, 0, 0, 1]), 'fitness': 0.5550683083150618}, {'individual': array([0, 1, 1, 1, 0, 1, 1, 0, 0, 1, 0, 0, 0, 0, 1, 0, 1, 0, 0, 1, 0, 1, 0,
       1, 0, 0, 1, 0, 1, 1, 1, 0]), 'fitness': 0.4879406307977736}, {'individual': array([0, 0, 1, 1, 1, 0, 0, 1, 0, 1, 0, 1, 0, 0, 1, 0, 1, 1, 1, 1, 1, 1, 1,
       1, 1, 0, 1, 0, 0, 1, 0, 0]), 'fitness': 0.5086861190757296}, {'individual': array([1, 1, 1, 1, 0, 0, 1, 1, 1, 1, 1, 0, 1, 0, 0, 1, 0, 0, 1, 0, 1, 1, 1,
       1, 0, 0, 1, 0, 1, 1, 0, 1]), 'fitness': 0.7053466014504975}][{'individual': array([0, 0, 1, 1, 0, 0, 1, 0, 1, 1, 1, 1, 1, 0, 1, 0, 1, 1, 0, 0, 1, 1, 0,
       0, 1, 1, 1, 1, 0, 1, 1, 0]), 'fitness': 0.5697419463653229}, {'individual': array([0, 1, 0, 0, 1, 1, 0, 0, 0, 1, 0, 1, 1, 1, 1, 1, 1, 1, 0, 1, 0, 1, 1,
       0, 1, 1, 0, 0, 1, 0, 1, 1]), 'fitness': 0.5931860347444764}, {'individual': array([1, 1, 1, 0, 0, 0, 1, 0, 1, 0, 0, 1, 1, 1, 0, 0, 0, 1, 1, 1, 1, 1, 0,
       0, 1, 1, 1, 0, 0, 1, 0, 0]), 'fitness': 0.49856636869623877}, {'individual': array([1, 1, 1, 1, 0, 1, 1, 0, 0, 1, 1, 1, 1, 1, 1, 0, 0, 0, 0, 0, 1, 0, 1,
       1, 1, 0, 0, 1, 0, 1, 0, 1]), 'fitness': 0.6146061730477315}, {'individual': array([1, 0, 1, 0, 0, 0, 1, 0, 1, 1, 1, 0, 0, 1, 1, 0, 0, 1, 1, 1, 1, 1, 1,
       1, 0, 0, 1, 0, 1, 0, 1, 1]), 'fitness': 0.651711924439197}, {'individual': array([1, 0, 1, 0, 0, 1, 1, 0, 0, 0, 0, 0, 0, 1, 1, 0, 0, 0, 1, 0, 0, 0, 1,
       1, 1, 0, 0, 1, 1, 0, 0, 0]), 'fitness': 0.42907741609040306}, {'individual': array([0, 0, 0, 0, 0, 1, 0, 1, 1, 1, 1, 1, 0, 1, 1, 0, 1, 1, 0, 1, 0, 0, 1,
       1, 1, 0, 1, 0, 1, 0, 0, 1]), 'fitness': 0.5550683083150618}, {'individual': array([0, 1, 1, 1, 0, 1, 1, 0, 0, 1, 0, 0, 0, 0, 1, 0, 1, 0, 0, 1, 0, 1, 0,
       1, 0, 0, 1, 0, 1, 1, 1, 0]), 'fitness': 0.4879406307977736}, {'individual': array([0, 0, 1, 1, 1, 0, 0, 1, 0, 1, 0, 1, 0, 0, 1, 0, 1, 1, 1, 1, 1, 1, 1,
       1, 1, 0, 1, 0, 0, 1, 0, 0]), 'fitness': 0.5086861190757296}, {'individual': array([1, 1, 1, 1, 0, 0, 1, 1, 1, 1, 1, 0, 1, 0, 0, 1, 0, 0, 1, 0, 1, 1, 1,
       1, 0, 0, 1, 0, 1, 1, 0, 1]), 'fitness': 0.7053466014504975}]