0.00001 0.783877415057
0.01001 0.79380413058
0.02001 0.797646013769
0.03001 0.799933377748
0.04001 0.801385742838
0.05001 0.802420608483
0.06001 0.80315979823
0.07001 0.803680879414
0.08001 0.803938115331
0.09001 0.804063957362
0.10001 0.804118466477
0.11001 0.804174994448
0.12001 0.804192077077
0.13001 0.804254306653
0.14001 0.804281590051
0.15001 0.804313790806
0.16001 0.804357879061
0.17001 0.804397068621
0.18001 0.804439145833
0.19001 0.804490339773
0.20001 0.804543003077
0.21001 0.804572709103
0.22001 0.804611418475
0.23001 0.804641350211
0.24001 0.804668887408
0.25001 0.804709680726
0.26001 0.8046981025
0.27001 0.80468735129
0.28001 0.80465896299
0.29001 0.804632467244
0.30001 0.804599084481
0.31001 0.80456362425
0.32001 0.804526275412
0.33001 0.804495042521
0.34001 0.804438945465
0.35001 0.804374861204
0.36001 0.804307038551
0.37001 0.804235772643
0.38001 0.804161328345
0.39001 0.80408727515
0.40001 0.80401358444
0.41001 0.803940230323
0.42001 0.803864090606
0.43001 0.803782326934
0.44001 0.803707158191
0.45001 0.803635257654
0.46001 0.803557911747
0.47001 0.803481012658
0.48001 0.803396375206
0.49001 0.803307128581
0.50001 0.803216156549
0.51001 0.803120996259
0.52001 0.803019370734
0.53001 0.802909171663
0.54001 0.802781176186
0.55001 0.802652993243
0.56001 0.802524632701
0.57001 0.802396103747
0.58001 0.802267414944
0.59001 0.802138574284
0.60001 0.802007404899
0.61001 0.801878317681
0.62001 0.8017448685
0.63001 0.801611425716
0.64001 0.801469789371
0.65001 0.801338501605
0.66001 0.801213121601
0.67001 0.801089469765
0.68001 0.800965539882
0.69001 0.800843247359
0.70001 0.800716892963
0.71001 0.800597749648
0.72001 0.800476394732
0.73001 0.800356519077
0.74001 0.800229180546
0.75001 0.800103439812
0.76001 0.799977504175
0.77001 0.799851381131
0.78001 0.799718331239
0.79001 0.799586942039
0.80001 0.799455507028
0.81001 0.799325652817
0.82001 0.799195716912
0.83001 0.799068874718
0.84001 0.798941881883
0.85001 0.79881164495
0.86001 0.798681338878
0.87001 0.798549451881
0.88001 0.798422025766
0.89001 0.798291509364
0.90001 0.798158004554
0.91001 0.798023057092
0.92001 0.797883848044
0.93001 0.797744765901
0.94001 0.79760019636
0.95001 0.797453086831
0.96001 0.797299394905
0.97001 0.797144760636
0.98001 0.796989212579
0.99001 0.796836775483